-2.00000000 0.0 0.0
-1.96000000 0.0 0.0
-1.92000000 0.0 0.0
-1.88000000 0.0 0.0
-1.84000000 0.0 0.0
-1.80000000 0.0 0.0
-1.76000000 0.0 0.0
-1.72000000 0.0 0.0
-1.68000000 0.0 0.0
-1.64000000 0.0 0.0
-1.60000000 0.0 0.0
-1.56000000 0.0 0.0
-1.52000000 0.0 0.0
-1.48000000 0.0 0.0
-1.44000000 0.0 0.0
-1.40000000 0.0 0.0
-1.36000000 0.0 0.0
-1.32000000 0.0 0.0
-1.28000000 0.0 0.0
-1.24000000 0.0 0.0
-1.20000000 0.0 0.0
-1.16000000 0.0 0.0
-1.12000000 0.0 0.0
-1.08000000 0.0 0.0
-1.04000000 0.0 0.0
-1.00000000 0.0 0.0
-0.96000000 0.0 0.0
-0.92000000 0.0 0.0
-0.88000000 0.0 0.0
-0.84000000 0.0 0.0
-0.80000000 0.0 0.0
-0.76000000 0.0 0.0
-0.72000000 0.0 0.0
-0.68000000 0.0 0.0
-0.64000000 0.0 0.0
-0.60000000 0.0 0.0
-0.56000000 0.0 0.0
-0.52000000 0.0 0.0
-0.48000000 0.0 0.0
-0.44000000 0.0 0.0
-0.40000000 0.0 0.0
-0.36000000 0.0 0.0
-0.32000000 0.0 0.0
-0.28000000 0.0 0.0
-0.24000000 0.0 0.0
-0.20000000 0.0 0.0
-0.16000000 0.0 0.0
-0.12000000 0.0 0.0
-0.08000000 0.0 0.0
-0.04000000 0.0 0.0
0.00000000 0.0 0.0
0.04000000 0.0 0.0
0.08000000 0.0 0.0
0.12000000 0.0 0.0
0.16000000 0.0 0.0
0.20000000 0.0 0.0
0.24000000 0.0 0.0
0.28000000 0.0 0.0
0.32000000 0.0 0.0
0.36000000 0.0 0.0
0.40000000 0.0 0.0
0.44000000 0.0 0.0
0.48000000 0.0 0.0
0.52000000 0.0 0.0
0.56000000 0.0 0.0
0.60000000 0.0 0.0
0.64000000 0.0 0.0
0.68000000 0.0 0.0
0.72000000 0.0 0.0
0.76000000 0.0 0.0
0.80000000 0.0 0.0
0.84000000 0.0 0.0
0.88000000 0.0 0.0
0.92000000 0.0 0.0
0.96000000 0.0 0.0
1.00000000 0.0 0.0
1.04000000 0.0 0.0
1.08000000 0.0 0.0
1.12000000 0.0 0.0
1.16000000 0.0 0.0
1.20000000 0.0 0.0
1.24000000 0.0 0.0
1.28000000 0.0 0.0
1.32000000 0.0 0.0
1.36000000 0.0 0.0
1.40000000 0.0 0.0
1.44000000 0.0 0.0
1.48000000 0.0 0.0
1.52000000 0.0 0.0
1.56000000 0.0 0.0
1.60000000 0.0 0.0
1.64000000 0.0 0.0
1.68000000 0.0 0.0
1.72000000 0.0 0.0
1.76000000 0.0 0.0
1.80000000 0.0 0.0
1.84000000 0.0 0.0
1.88000000 0.0 0.0
1.92000000 0.0 0.0
1.96000000 0.0 0.0
2.00000000 0.0 0.0
